
M = 20000; % 小车质量
m = 30000; % 摆杆质量
g = 9.8;   % 重力加速度
L = 25;    % 摆杆长度
I = 6250000; % 摆杆转动惯量
b = 0.15; % 导轨摩擦系数